0 0.435629 0.131332 0.391964 0.136199 0.378700 0.152007 0.383430 0.166607 0.430899 0.161741 0.440277 0.160533 0.437427 0.177567 0.436487 0.192149 0.446999 0.204316 0.468686 0.210409 0.481107 0.212842 0.531217 0.210409 0.550166 0.197016 0.576680 0.187300 0.623112 0.183641 0.661950 0.180000 0.696141 0.173908 0.739723 0.169041 0.796459 0.160533 0.800249 0.143499 0.792766 0.126465 0.804136 0.113091 0.847621 0.097265 0.882669 0.086323 0.860885 0.079023 0.824979 0.085098 0.795615 0.091190 0.755823 0.087531 0.756680 0.085098 0.734039 0.091190 0.728354 0.098490 0.698990 0.102131 0.670470 0.106998 0.650678 0.110657 0.632573 0.111865 0.630678 0.086323 0.635422 0.066856 0.634564 0.057123 0.615615 0.035222 0.611743 0.035222 0.600373 0.052256 0.605201 0.069290 0.588050 0.074156 0.572988 0.083890 0.565325 0.110657 0.534053 0.113091 0.504689 0.111865 0.478160 0.113091 0.451729 0.125240
1 0.000000 0.326572 0.039557 0.302860 0.076501 0.294352 0.110692 0.289485 0.150387 0.283393 0.187331 0.280959 0.240387 0.280959 0.271743 0.280959 0.318160 0.282185 0.364481 0.283393 0.373015 0.284618 0.376902 0.296785 0.377746 0.307726 0.374910 0.321119 0.341840 0.332060 0.298174 0.341794 0.277427 0.351528 0.256487 0.363694 0.238492 0.372202 0.214813 0.378295 0.187331 0.383162 0.142905 0.389236 0.106819 0.400195 0.088811 0.403837 0.060401 0.406270 0.033015 0.400195 0.011231 0.416004 0.000802 0.418437 0.000000 0.418224
1 0.354066 0.257851 0.354066 0.272451 0.360788 0.277318 0.379737 0.280959 0.379737 0.288259 0.377746 0.293126 0.422365 0.294352 0.484799 0.305293 0.536902 0.307726 0.582365 0.299218 0.628880 0.293126 0.687524 0.277318 0.716888 0.265151 0.740567 0.256643 0.762365 0.244476 0.761411 0.184867 0.760567 0.177567 0.750138 0.175133 0.728354 0.176341 0.660055 0.184867 0.574786 0.190941 0.548368 0.200675 0.505726 0.211616 0.474371 0.214050 0.448893 0.223783
1 0.070913 0.064423 0.066086 0.103357 0.076501 0.124032 0.083126 0.136199 0.120083 0.149574 0.173126 0.142274 0.236694 0.138632 0.277427 0.133766 0.341840 0.105790 0.445007 0.077798 0.479212 0.065631 0.500899 0.054689 0.492476 0.009680 0.486791 0.008455 0.422365 0.006021 0.375851 0.004813 0.343651 0.007247 0.281120 0.010888 0.241328 0.014547 0.201549 0.020622 0.152282 0.032789
1 0.549212 0.805293 0.540788 0.811385 0.535947 0.833286 0.542586 0.862469 0.547317 0.868561 0.589101 0.867336 0.643098 0.872202 0.697939 0.875861 0.746252 0.881936 0.812573 0.884369 0.861826 0.877069 0.912033 0.877069 0.960360 0.864902 0.990664 0.851528 1.000000 0.847176 1.000000 0.822913 0.998243 0.784618 0.999198 0.742043 0.953817 0.745684 0.927289 0.759076 0.926252 0.808952 0.936667 0.834494 0.938562 0.846661 0.911189 0.864902 0.867510 0.844227 0.857192 0.836927 0.831521 0.815027 0.827828 0.778526 0.837206 0.757851 0.841936 0.756643 0.808880 0.742043 0.786044 0.737176 0.754786 0.742043 0.732047 0.751776 0.669613 0.765151
1 0.000000 0.879574 0.089862 0.833286 0.132490 0.823552 0.170373 0.838135 0.219544 0.857602 0.242379 0.881936 0.250899 0.901403 0.292490 0.902629 0.308589 0.851528 0.304799 0.821119 0.291549 0.801652 0.291549 0.779751 0.304799 0.765151 0.375851 0.759076 0.430899 0.748117 0.485740 0.737176 0.510373 0.735950 0.528368 0.759076 0.527524 0.788259 0.513306 0.797993 0.417538 0.829627 0.375851 0.855169 0.303956 0.888028 0.263126 0.923304 0.227123 0.937904 0.188382 0.946412 0.131438 0.970746 0.089862 0.980480 0.047137 0.988988 0.004509 0.991421 0.000000 0.991421 0.000000 0.967922
1 0.476362 0.493854 0.471535 0.496288 0.469640 0.516980 0.474371 0.546181 0.497206 0.552256 0.536902 0.549822 0.594786 0.553464 0.656362 0.557123 0.716888 0.558330 0.762365 0.554689 0.797414 0.546181 0.842891 0.534014 0.883624 0.521847 0.924454 0.510888 0.943402 0.506021 0.956653 0.488988 0.963195 0.459805 0.952780 0.433037 0.933831 0.426945 0.895934 0.425737 0.875090 0.433037 0.841936 0.437904 0.799308 0.433037 0.777524 0.429378 0.756680 0.425737 0.755823 0.452504 0.752988 0.465879 0.727317 0.469538 0.708368 0.457371 0.701826 0.445204 0.704675 0.442771 0.653513 0.440337 0.636362 0.451279 0.600373 0.456146
1 0.000000 0.527567 0.063237 0.507247 0.103126 0.498721 0.152282 0.487780 0.199751 0.481687 0.222393 0.481687 0.246072 0.481687 0.287842 0.484121 0.337967 0.486554 0.379737 0.487780 0.409959 0.487780 0.424163 0.486554 0.433638 0.490213 0.440277 0.514547 0.440277 0.523055 0.387317 0.546181 0.374910 0.552256 0.339862 0.564423 0.317123 0.572931 0.292490 0.576590 0.270705 0.582664 0.239530 0.589964 0.218700 0.597265 0.174080 0.613091 0.146598 0.619165 0.116376 0.624032 0.080290 0.633766 0.030180 0.636199 0.019751 0.638632 0.003651 0.642274 0.000000 0.642274
0 0.342669 1.000000 0.400581 0.981687 0.388174 0.929378 0.389115 0.894103 0.397649 0.870995 0.411950 0.840568 0.427012 0.845435 0.437427 0.890462 0.447856 0.919645 0.459225 0.945204 0.474371 0.958579 0.511411 0.962238 0.534053 0.947638 0.542586 0.914778 0.571950 0.880728 0.593831 0.862469 0.627842 0.884369 0.639212 0.912345 0.645837 0.940337 0.678050 0.931812 0.680899 0.917211 0.676155 0.897762 0.680899 0.875861 0.697939 0.881936 0.734039 0.934245 0.754786 0.957371 0.774675 0.954938 0.804136 0.948845 0.813513 0.959805 0.816362 0.986554 0.815408 0.998721 0.815118 1.000000
0 0.229115 0.205542 0.254592 0.210409 0.271743 0.221350 0.280263 0.237176 0.296376 0.256643 0.325740 0.255417 0.337012 0.234742 0.326598 0.206750 0.328589 0.192149 0.322905 0.178774 0.308589 0.167833 0.298174 0.162966 0.290692 0.154440 0.308589 0.137407 0.337967 0.120373 0.286805 0.125240 0.270705 0.131332 0.238492 0.134973 0.205339 0.138632 0.174080 0.138632 0.140913 0.138632 0.111549 0.141066 0.095450 0.145933 0.076501 0.132540 0.071757 0.111865 0.067026 0.093623 0.043444 0.087531 0.014924 0.093623 0.019751 0.120373 0.040498 0.143499 0.052822 0.162966 0.065228 0.170266 0.066086 0.173908 0.069876 0.183641 0.101134 0.187300 0.153237 0.190941 0.181660 0.184867 0.204481 0.183641 0.229115 0.194583
0 0.000802 0.763925 0.056611 0.752984 0.069876 0.744476 0.082185 0.721350 0.089862 0.686075 0.103126 0.671474 0.137123 0.677567 0.138174 0.698242 0.140069 0.707975 0.162711 0.706750 0.194066 0.689734 0.195864 0.681208 0.196902 0.655666 0.188382 0.642274 0.126805 0.639840 0.087870 0.648366 0.121024 0.633766 0.163651 0.616732 0.186487 0.611865 0.199751 0.605790 0.216708 0.594831 0.262172 0.583890 0.290692 0.583890 0.293527 0.598490 0.231950 0.619165 0.248907 0.632540 0.246072 0.637407 0.245214 0.642274 0.248064 0.664174 0.243223 0.681208 0.240387 0.690941 0.236694 0.711616 0.235657 0.738384 0.235657 0.746909 0.249862 0.751776 0.281120 0.739609 0.340802 0.717709 0.366473 0.698242 0.389115 0.683641 0.400581 0.693375 0.369225 0.723783 0.321853 0.739609 0.298174 0.761510 0.290692 0.768792 0.283112 0.788259 0.300069 0.816252 0.314274 0.850302 0.310484 0.872202 0.300069 0.883162 0.294385 0.906270 0.262172 0.914778 0.244177 0.880728 0.230913 0.856394 0.195864 0.853961 0.148589 0.838135 0.119225 0.832060 0.073748 0.845435 0.031978 0.866128 0.000000 0.881368 0.000000 0.811918
0 0.572988 0.569290 0.651521 0.569290 0.685726 0.568064 0.696141 0.572931 0.699834 0.563197 0.708368 0.560764 0.720775 0.568064 0.749101 0.559556 0.775629 0.555897 0.776667 0.559556 0.733001 0.575364 0.728354 0.580231 0.748147 0.594831 0.776667 0.614298 0.796459 0.620373 0.835311 0.609432 0.870456 0.599698 0.891203 0.588757 0.843928 0.569290 0.826777 0.568064 0.835311 0.558330 0.860885 0.552256 0.884661 0.557123 0.922462 0.563197 0.956653 0.555897 0.984136 0.554689 0.997400 0.558330 0.999198 0.658099 0.998243 0.728650 0.996349 0.757851 0.919613 0.767584 0.927289 0.812593 0.938562 0.841794 0.941411 0.856394 0.923402 0.869769 0.909198 0.849094 0.892241 0.836927 0.877939 0.857602 0.849613 0.853961 0.826777 0.812593 0.822144 0.788259 0.833499 0.757851 0.830664 0.748117 0.800249 0.744476 0.774689 0.733570 0.764315 0.717762 0.769945 0.700675 0.769087 0.672700 0.706473 0.654440 0.664786 0.645933 0.655311 0.637407 0.663942 0.616732 0.668575 0.610657 0.669613 0.600924 0.626985 0.583890
0 0.493320 0.334494 0.575837 0.325986 0.592794 0.332060 0.594786 0.332060 0.591936 0.311385 0.600373 0.308952 0.609848 0.327194 0.609848 0.333286 0.647828 0.324760 0.678050 0.324760 0.664786 0.338135 0.646791 0.344227 0.634564 0.349094 0.625947 0.351528 0.657206 0.358828 0.680041 0.355169 0.700788 0.351528 0.710263 0.351528 0.709405 0.334494 0.714053 0.329627 0.736874 0.321119 0.780360 0.316252 0.808880 0.315027 0.819198 0.315027 0.831521 0.307726 0.858036 0.312593 0.870456 0.315027 0.887414 0.332060 0.911189 0.325986 0.923402 0.305293 0.938562 0.297993 0.950968 0.313819 0.950968 0.340568 0.945201 0.353961 0.993513 0.356394 1.000000 0.358668 1.000000 0.454618 0.997400 0.461012 0.951923 0.461012 0.896888 0.433037 0.870456 0.434245 0.847621 0.439112 0.801300 0.435471 0.779502 0.430604 0.769087 0.429378 0.757718 0.452504 0.751936 0.469538 0.724467 0.491421 0.701826 0.470746 0.703624 0.451279 0.705519 0.440337 0.688562 0.437904 0.661950 0.428171 0.658160 0.416004 0.655311 0.414778 0.632573 0.423304 0.589945 0.424512 0.596680 0.408703 0.601314 0.405062 0.579530 0.395329 0.563430 0.386803 0.561618 0.364902 0.566266 0.355169 0.556888 0.355169 0.502891 0.355169
0 0.001660 0.537655 0.063237 0.514547 0.098285 0.515755 0.124813 0.518188 0.151438 0.529147 0.175118 0.524281 0.203444 0.497513 0.198700 0.474405 0.194910 0.459805 0.219544 0.456146 0.237635 0.450071 0.217649 0.435471 0.209129 0.433037 0.236694 0.418437 0.246072 0.406270 0.246072 0.400195 0.220595 0.400195 0.200595 0.407478 0.182600 0.407478 0.175118 0.394103 0.188382 0.390462 0.220595 0.389236 0.198700 0.383162 0.164703 0.384369 0.163651 0.385595 0.143762 0.379503 0.132490 0.398970 0.125768 0.411137 0.102075 0.417211 0.080290 0.418437 0.062379 0.418437 0.040498 0.429378 0.025436 0.443979 0.008299 0.457371 0.001660 0.461012
0 0.000000 0.321741 0.151438 0.293126 0.196902 0.283393 0.246072 0.250551 0.286860 0.248135 0.330429 0.250622 0.332227 0.193428 0.299170 0.165364 0.232808 0.166607 0.184495 0.177567 0.138174 0.181208 0.075643 0.175133 0.031024 0.183641 0.001660 0.223783 0.000000 0.239432
